Time [eMJD],RV_C,eRV_C,RV_A,eRV_A,BISdata [m/s],eBISdata [m/s],CaIIdata,eCaIIdata,Contrastdata,eContrastdata,FWHMdata [m/s],eFWHMdata [m/s],Halphadata,eHalphadata
59337.993481,-2.085132,1.19159,0.46545,1.19159,0.297335,2.129391,-0.000144,0.003047,10.375532,172.490901,0.700811,5.018634,-1.4e-05,0.001099
59337.997242,-2.00045,1.191503,0.464768,1.191503,0.295911,2.129391,-0.000144,0.003047,10.313493,172.490901,0.700058,5.018634,-1.4e-05,0.001099
59338.004754,0.542908,1.191503,0.46341,1.191503,0.293075,2.129391,-0.000144,0.003047,10.189931,172.490901,0.698563,5.018634,-1.5e-05,0.001099
59338.301795,1.332091,0.9733,1.032826,0.9733,0.058224,1.857398,0.000854,0.003285,7.549789,190.991376,-1.446029,5.039876,9.1e-05,0.001004
59338.304359,0.794762,0.9733,1.032155,0.9733,0.058057,1.857398,0.000854,0.003285,7.481204,190.991376,-1.447202,5.039876,9.1e-05,0.001004
59338.306923,1.21643,0.9733,1.031487,0.9733,0.05789,1.857398,0.000854,0.003285,7.412758,190.991376,-1.448374,5.039876,9.1e-05,0.001004
59340.142771,-2.737044,1.277463,0.472615,1.277463,-0.312685,1.573953,-7e-06,0.003012,0.099151,132.000486,-0.367414,5.025399,1.2e-05,0.001004
59340.143849,-2.727215,1.277554,0.472786,1.277554,-0.312675,1.573953,-7e-06,0.003012,0.113134,132.000486,-0.3674,5.025399,1.2e-05,0.001004
59340.144922,-1.946385,1.277554,0.472956,1.277554,-0.312666,1.573953,-7e-06,0.003012,0.127065,132.000486,-0.367386,5.025399,1.2e-05,0.001004
59340.191192,-3.451298,0.97264,0.996215,0.97264,0.0409,1.857398,0.000874,0.003285,-0.248698,190.991376,-1.64449,5.039876,9.3e-05,0.001004
59340.218599,-1.263264,0.97264,0.999181,0.97264,0.041867,1.857398,0.000874,0.003285,0.167725,190.991376,-1.635554,5.039876,9.3e-05,0.001004
59340.223357,-2.355778,0.97264,0.999695,0.97264,0.042037,1.857398,0.000874,0.003285,0.24082,190.991376,-1.633974,5.039876,9.3e-05,0.001004
59340.849897,-1.74888,1.191417,0.429198,1.191417,0.228773,2.129391,-0.000143,0.003047,7.415904,172.490901,0.65887,5.018634,-2.3e-05,0.001099
59340.853644,-0.878037,1.191503,0.429355,1.191503,0.22947,2.129391,-0.000143,0.003047,7.447714,172.490901,0.658939,5.018634,-2.3e-05,0.001099
59340.857412,-3.754193,1.191503,0.429511,1.191503,0.230171,2.129391,-0.000143,0.003047,7.479669,172.490901,0.659007,5.018634,-2.3e-05,0.001099
59341.175054,-0.016785,1.278021,0.633356,1.278021,-0.284966,1.573953,2.3e-05,0.003012,15.40025,132.000486,-0.331687,5.025399,1.6e-05,0.001004
59341.178275,2.327867,1.278117,0.633704,1.278117,-0.284828,1.573953,2.3e-05,0.003012,15.442177,132.000486,-0.331517,5.025399,1.6e-05,0.001004
59341.17935,2.069751,1.278117,0.63382,1.278117,-0.284782,1.573953,2.3e-05,0.003012,15.456147,132.000486,-0.33146,5.025399,1.6e-05,0.001004
59341.233765,0.75178,0.972965,1.064137,0.972965,0.078759,1.857398,0.000819,0.003285,17.041935,190.991376,-1.182703,5.039876,8.8e-05,0.001004
59341.239169,1.623829,0.972965,1.064088,0.972965,0.07891,1.857398,0.000818,0.003285,17.117329,190.991376,-1.180123,5.039876,8.8e-05,0.001004
59341.243317,1.98587,0.972965,1.064047,0.972965,0.079025,1.857398,0.000818,0.003285,17.17495,190.991376,-1.178145,5.039876,8.8e-05,0.001004
59342.191775,1.063333,0.972965,0.969584,0.972965,0.085729,1.857398,0.000701,0.003285,22.421355,190.991376,-0.849026,5.039876,7.6e-05,0.001004
59342.195713,2.311056,0.972965,0.968861,0.972965,0.085663,1.857398,0.0007,0.003285,22.403521,190.991376,-0.84843,5.039876,7.6e-05,0.001004
59342.28778,0.321433,1.277554,0.620138,1.277554,-0.232862,1.573953,3.4e-05,0.003012,20.335088,132.000486,-0.269443,5.025399,1.6e-05,0.001004
59342.288865,1.28159,1.277554,0.619981,1.277554,-0.232817,1.573953,3.4e-05,0.003012,20.328407,132.000486,-0.269391,5.025399,1.6e-05,0.001004
59342.289941,2.821746,1.277554,0.619825,1.277554,-0.232772,1.573953,3.4e-05,0.003012,20.321758,132.000486,-0.269339,5.025399,1.6e-05,0.001004
59343.847245,-1.777,1.191503,0.224318,1.191503,-0.055621,2.129391,-0.000112,0.003047,-4.425497,172.490901,0.393131,5.018634,-5e-05,0.001099
59343.854786,-1.474247,1.19159,0.223565,1.19159,-0.05813,2.129391,-0.000112,0.003047,-4.538388,172.490901,0.392561,5.018634,-5e-05,0.001099
59343.85854,-1.242873,1.19159,0.223191,1.19159,-0.059379,2.129391,-0.000112,0.003047,-4.594585,172.490901,0.39228,5.018634,-5e-05,0.001099
59344.242152,0.4222,0.972748,0.553717,0.972748,-0.024202,1.857398,0.000639,0.003285,-23.301242,190.991376,-1.682113,5.039876,6.7e-05,0.001004
59344.249814,0.4828,0.972748,0.553117,0.972748,-0.024671,1.857398,0.00064,0.003285,-23.520616,190.991376,-1.688402,5.039876,6.7e-05,0.001004
59344.254504,0.43516,0.972748,0.552757,0.972748,-0.024958,1.857398,0.000641,0.003285,-23.654657,190.991376,-1.692255,5.039876,6.7e-05,0.001004
59344.304968,2.947752,1.277554,0.082819,1.277554,-0.245759,1.573953,-4.7e-05,0.003012,-21.729683,132.000486,-0.29327,5.025399,3e-06,0.001004
59344.306043,2.336006,1.277554,0.082565,1.277554,-0.245827,1.573953,-4.7e-05,0.003012,-21.756554,132.000486,-0.293355,5.025399,3e-06,0.001004
59344.309274,2.682766,1.277554,0.081805,1.277554,-0.246031,1.573953,-4.8e-05,0.003012,-21.837258,132.000486,-0.293612,5.025399,3e-06,0.001004
59346.216021,-2.017506,0.9733,0.888423,0.9733,-0.05174,1.857398,0.001068,0.003285,-43.756979,190.991376,-2.910154,5.039876,0.000111,0.001004
59346.22002,-0.880961,0.9733,0.889878,0.9733,-0.051576,1.857398,0.001069,0.003285,-43.705936,190.991376,-2.910852,5.039876,0.000111,0.001004
59346.227938,-2.490846,0.9733,0.892763,0.9733,-0.05125,1.857398,0.001071,0.003285,-43.60384,190.991376,-2.912205,5.039876,0.000111,0.001004
59348.296738,0.505048,0.972965,1.501869,0.972965,0.068751,1.857398,0.001295,0.003285,3.124604,190.991376,-2.363152,5.039876,0.000138,0.001004
59348.316371,-1.881942,0.972748,1.503859,0.972748,0.069533,1.857398,0.001294,0.003285,3.469968,190.991376,-2.354967,5.039876,0.000138,0.001004
59348.337007,-1.309931,0.972748,1.505848,0.972748,0.070337,1.857398,0.001293,0.003285,3.825648,190.991376,-2.34644,5.039876,0.000138,0.001004
59350.284977,2.236505,0.97264,1.355412,0.97264,0.055677,1.857398,0.001189,0.003285,-0.323451,190.991376,-2.236936,5.039876,0.000127,0.001004
59350.287448,2.552855,0.97264,1.355062,0.97264,0.055577,1.857398,0.001189,0.003285,-0.365802,190.991376,-2.237767,5.039876,0.000127,0.001004
59350.301744,3.243868,0.97264,1.353049,0.97264,0.054995,1.857398,0.001189,0.003285,-0.611496,190.991376,-2.242608,5.039876,0.000127,0.001004
59351.876798,-2.50477,1.191417,0.492088,1.191417,-0.074812,2.129391,-0.000235,0.003047,-7.471477,172.490901,0.84927,5.018634,-9.9e-05,0.001099
59351.880557,-3.427937,1.191417,0.492255,1.191417,-0.074788,2.129391,-0.000235,0.003047,-7.471643,172.490901,0.849544,5.018634,-9.9e-05,0.001099
59351.888078,-3.781275,1.191417,0.492593,1.191417,-0.074728,2.129391,-0.000235,0.003047,-7.471489,172.490901,0.850096,5.018634,-9.9e-05,0.001099
59352.303351,-1.680425,0.972965,1.371342,0.972965,0.018817,1.857398,0.001326,0.003285,-18.840975,190.991376,-2.877131,5.039876,0.00014,0.001004
59352.317097,-0.572901,0.972965,1.373818,0.972965,0.019191,1.857398,0.001327,0.003285,-18.7074,190.991376,-2.876768,5.039876,0.00014,0.001004
59352.319607,-2.202355,0.972965,1.374272,0.972965,0.01926,1.857398,0.001327,0.003285,-18.682518,190.991376,-2.876689,5.039876,0.00014,0.001004
59353.115701,1.170723,1.277463,0.718848,1.277463,-0.492564,1.573953,-1.4e-05,0.003012,-1.781738,132.000486,-0.579177,5.025399,1.9e-05,0.001004
59353.116779,-1.138598,1.277463,0.719169,1.277463,-0.492551,1.573953,-1.4e-05,0.003012,-1.75604,132.000486,-0.579157,5.025399,1.9e-05,0.001004
59353.120022,1.183435,1.277554,0.720136,1.277554,-0.492513,1.573953,-1.4e-05,0.003012,-1.678637,132.000486,-0.579096,5.025399,1.9e-05,0.001004
59353.887814,1.23125,1.191678,0.684068,1.191678,0.389898,2.129391,-0.000222,0.003047,13.017274,172.490901,1.043087,5.018634,-3.1e-05,0.001099
59353.891568,1.905948,1.191678,0.68437,1.191678,0.391207,2.129391,-0.000222,0.003047,13.076917,172.490901,1.043231,5.018634,-3.1e-05,0.001099
59353.899084,0.371347,1.191766,0.684971,1.191766,0.393827,2.129391,-0.000222,0.003047,13.196266,172.490901,1.043513,5.018634,-3e-05,0.001099
59354.247806,0.200711,0.973644,1.697206,0.973644,0.133798,1.857398,0.001279,0.003285,31.219776,190.991376,-1.752366,5.039876,0.000138,0.001004
59354.271174,0.442337,0.973644,1.69758,0.973644,0.135221,1.857398,0.001275,0.003285,31.914426,190.991376,-1.729946,5.039876,0.000138,0.001004
59354.299284,-0.111912,0.973878,1.697829,0.973878,0.136908,1.857398,0.00127,0.003285,32.741452,190.991376,-1.702932,5.039876,0.000137,0.001004
59354.915435,-2.67071,1.191856,0.705028,1.191856,0.674652,2.129391,-0.000171,0.003047,26.343305,172.490901,0.999091,5.018634,2.7e-05,0.001099
59354.922949,-1.564326,1.191766,0.704644,1.191766,0.675852,2.129391,-0.000171,0.003047,26.403224,172.490901,0.998112,5.018634,2.7e-05,0.001099
59354.926711,-2.420131,1.191766,0.704449,1.191766,0.676446,2.129391,-0.00017,0.003047,26.432945,172.490901,0.997618,5.018634,2.7e-05,0.001099
59355.162695,-2.226672,0.973187,1.591589,0.973187,0.169334,1.857398,0.001056,0.003285,50.923255,190.991376,-0.925539,5.039876,0.000116,0.001004
59355.165616,-2.374934,0.973187,1.590851,0.973187,0.169365,1.857398,0.001056,0.003285,50.953648,190.991376,-0.923319,5.039876,0.000116,0.001004
59355.172884,-1.803087,0.973187,1.589004,0.973187,0.169439,1.857398,0.001053,0.003285,51.028192,190.991376,-0.917813,5.039876,0.000116,0.001004
59359.951018,-3.070733,1.191856,0.269051,1.191856,-0.441019,2.129391,-0.000213,0.003047,-23.044776,172.490901,0.575742,5.018634,-0.000141,0.001099
59359.958543,0.157958,1.191856,0.27036,1.191856,-0.439726,2.129391,-0.000214,0.003047,-22.993967,172.490901,0.577586,5.018634,-0.000141,0.001099
59360.111439,-1.230793,1.277372,0.080364,1.277372,-0.424304,1.573953,-9.1e-05,0.003012,-42.247655,132.000486,-0.507307,5.025399,3e-06,0.001004
59360.112519,-0.172136,1.277372,0.080707,1.277372,-0.424394,1.573953,-9.1e-05,0.003012,-42.232073,132.000486,-0.50741,5.025399,3e-06,0.001004
59360.115761,-0.553166,1.277463,0.081737,1.277463,-0.424666,1.573953,-9.1e-05,0.003012,-42.185165,132.000486,-0.50772,5.025399,3e-06,0.001004
59360.228973,-0.667903,0.973413,0.94782,0.973413,-0.055009,1.857398,0.001139,0.003285,-46.588588,190.991376,-3.101606,5.039876,0.000118,0.001004
59360.231688,0.16895,0.973413,0.948967,0.973413,-0.054862,1.857398,0.001139,0.003285,-46.539214,190.991376,-3.101853,5.039876,0.000118,0.001004
59360.239787,-1.042475,0.973413,0.952392,0.973413,-0.054419,1.857398,0.001142,0.003285,-46.391103,190.991376,-3.102567,5.039876,0.000118,0.001004
59361.904863,2.148375,1.191766,0.586943,1.191766,0.081333,2.129391,-0.000244,0.003047,-0.829273,172.490901,0.965486,5.018634,-8.1e-05,0.001099
59361.912393,2.195726,1.191766,0.587592,1.191766,0.08282,2.129391,-0.000244,0.003047,-0.76401,172.490901,0.966165,5.018634,-8.1e-05,0.001099
59361.916163,1.614403,1.191766,0.587915,1.191766,0.08356,2.129391,-0.000244,0.003047,-0.731534,172.490901,0.966502,5.018634,-8.1e-05,0.001099
59362.245778,2.469534,0.973187,1.553383,0.973187,0.058176,1.857398,0.001381,0.003285,-3.150942,190.991376,-2.655854,5.039876,0.000147,0.001004
59362.248499,1.342302,0.973187,1.553615,0.973187,0.058243,1.857398,0.001381,0.003285,-3.122798,190.991376,-2.655303,5.039876,0.000147,0.001004
59362.254018,1.825835,0.973187,1.554082,0.973187,0.058377,1.857398,0.001381,0.003285,-3.066207,190.991376,-2.654192,5.039876,0.000147,0.001004
59362.290119,2.368751,1.277646,0.73382,1.277646,-0.494815,1.573953,-1.3e-05,0.003012,-0.906915,132.000486,-0.581642,5.025399,1.9e-05,0.001004
59362.291205,2.277636,1.277646,0.733935,1.277646,-0.494811,1.573953,-1.3e-05,0.003012,-0.897783,132.000486,-0.581635,5.025399,1.9e-05,0.001004
59362.294441,0.772298,1.277646,0.734273,1.277646,-0.494797,1.573953,-1.3e-05,0.003012,-0.870709,132.000486,-0.581614,5.025399,1.9e-05,0.001004
59362.980285,0.871487,1.191678,0.614831,1.191678,0.153461,2.129391,-0.000241,0.003047,2.366019,172.490901,0.992354,5.018634,-7e-05,0.001099
59362.984058,-0.400415,1.191678,0.614733,1.191678,0.153212,2.129391,-0.000241,0.003047,2.355025,172.490901,0.992258,5.018634,-7.1e-05,0.001099
59362.987815,1.047684,1.191678,0.614634,1.191678,0.152962,2.129391,-0.000241,0.003047,2.343935,172.490901,0.992162,5.018634,-7.1e-05,0.001099
59363.17387,-0.527725,0.973076,1.550642,0.973076,0.058362,1.857398,0.001378,0.003285,-3.002921,190.991376,-2.646445,5.039876,0.000147,0.001004
59363.193598,-1.282384,0.973076,1.549301,0.973076,0.057922,1.857398,0.001378,0.003285,-3.192455,190.991376,-2.650527,5.039876,0.000146,0.001004
59363.20356,-1.394696,0.973187,1.548613,0.973187,0.057694,1.857398,0.001378,0.003285,-3.29074,190.991376,-2.652656,5.039876,0.000146,0.001004
59363.268126,-2.53881,1.277554,0.718381,1.277554,-0.494469,1.573953,-1.5e-05,0.003012,-2.034009,132.000486,-0.581468,5.025399,1.9e-05,0.001004
59363.270285,-1.256559,1.277554,0.71813,1.277554,-0.49449,1.573953,-1.5e-05,0.003012,-2.055328,132.000486,-0.581497,5.025399,1.9e-05,0.001004
59363.271367,-2.840433,1.277463,0.718004,1.277463,-0.494501,1.573953,-1.5e-05,0.003012,-2.066038,132.000486,-0.581511,5.025399,1.9e-05,0.001004
59365.843384,1.446821,1.19159,0.647497,1.19159,-0.033556,2.129391,-0.000296,0.003047,-6.756565,172.490901,1.099417,5.018634,-0.000116,0.001099
59365.847146,2.239291,1.19159,0.648027,1.19159,-0.032545,2.129391,-0.000296,0.003047,-6.712893,172.490901,1.100029,5.018634,-0.000116,0.001099
59365.854696,0.903222,1.191678,0.649096,1.191678,-0.0305,2.129391,-0.000296,0.003047,-6.624494,172.490901,1.101258,5.018634,-0.000116,0.001099
59366.136217,-0.418691,0.973187,1.791608,0.973187,0.04871,1.857398,0.001653,0.003285,-12.708495,190.991376,-3.364052,5.039876,0.000175,0.001004
59366.154853,-1.835629,0.973076,1.797546,0.973076,0.05022,1.857398,0.001654,0.003285,-12.085433,190.991376,-3.353145,5.039876,0.000175,0.001004
59366.915574,-2.400216,1.191766,0.830534,1.191766,0.461381,2.129391,-0.000272,0.003047,15.235892,172.490901,1.269763,5.018634,-4e-05,0.001099
59366.930617,-3.416859,1.191678,0.833177,1.191678,0.470831,2.129391,-0.000271,0.003047,15.662579,172.490901,1.271582,5.018634,-3.9e-05,0.001099
59366.93438,-0.792519,1.191678,0.833837,1.191678,0.473203,2.129391,-0.000271,0.003047,15.769705,172.490901,1.272032,5.018634,-3.8e-05,0.001099
59368.150539,2.54677,0.973644,2.144147,0.973644,0.297116,1.857398,0.001198,0.003285,102.651881,190.991376,-0.117805,5.039876,0.000134,0.001004
59368.191414,2.45717,0.973644,2.136747,0.973644,0.30207,1.857398,0.001174,0.003285,105.248788,190.991376,-0.019538,5.039876,0.000132,0.001004
59368.226678,2.343662,1.277832,1.814909,1.277832,-0.348695,1.573953,0.00018,0.003012,97.41256,132.000486,-0.389668,5.025399,4.6e-05,0.001004
59368.229912,1.629515,1.277832,1.816056,1.277832,-0.347884,1.573953,0.00018,0.003012,97.591546,132.000486,-0.388678,5.025399,4.6e-05,0.001004
59368.230991,1.182133,1.277832,1.816438,1.277832,-0.347614,1.573953,0.000181,0.003012,97.651227,132.000486,-0.388348,5.025399,4.6e-05,0.001004
59374.907336,-0.929524,1.191766,-1.009158,1.191766,-0.649103,2.129391,0.000312,0.003047,-22.705953,172.490901,-1.518214,5.018634,3e-05,0.001099
59374.918597,-2.126109,1.191766,-1.008573,1.191766,-0.650229,2.129391,0.000311,0.003047,-22.763946,172.490901,-1.516917,5.018634,3e-05,0.001099
59374.92236,-1.337306,1.191766,-1.008376,1.191766,-0.6506,2.129391,0.000311,0.003047,-22.783113,172.490901,-1.516481,5.018634,2.9e-05,0.001099
59375.87537,-1.612125,1.191678,-0.931557,1.191678,-0.692959,2.129391,0.000268,0.003047,-25.403286,172.490901,-1.375362,5.018634,7e-06,0.001099
59375.879138,-1.064486,1.191678,-0.931196,1.191678,-0.693026,2.129391,0.000268,0.003047,-25.409361,172.490901,-1.374734,5.018634,7e-06,0.001099
59375.886649,-0.367207,1.191678,-0.930475,1.191678,-0.693161,2.129391,0.000268,0.003047,-25.421469,172.490901,-1.373483,5.018634,7e-06,0.001099
59376.126986,0.474371,1.277646,-1.3718,1.277646,0.546788,1.573953,-6.8e-05,0.003012,-41.375717,132.000486,0.633998,5.025399,-3.5e-05,0.001004
59376.128073,-1.106728,1.277646,-1.371701,1.277646,0.546684,1.573953,-6.8e-05,0.003012,-41.380026,132.000486,0.633875,5.025399,-3.5e-05,0.001004
59376.129146,-1.695826,1.277646,-1.371603,1.277646,0.546582,1.573953,-6.8e-05,0.003012,-41.384282,132.000486,0.633755,5.025399,-3.5e-05,0.001004
59376.158849,0.914379,0.973076,-2.158462,0.973076,-0.179735,1.857398,-0.001596,0.003285,-44.429155,190.991376,2.071946,5.039876,-0.000173,0.001004
59376.167845,2.147043,0.972965,-2.156126,0.972965,-0.179726,1.857398,-0.001594,0.003285,-44.472875,190.991376,2.06666,5.039876,-0.000173,0.001004
59376.173171,0.65666,0.973076,-2.154743,0.973076,-0.179721,1.857398,-0.001592,0.003285,-44.498886,190.991376,2.063526,5.039876,-0.000172,0.001004
59376.990305,1.249513,1.191766,-0.826195,1.191766,-0.735898,2.129391,0.000212,0.003047,-28.278698,172.490901,-1.186026,5.018634,-2e-05,0.001099
59376.994063,-0.184828,1.191766,-0.825854,1.191766,-0.73617,2.129391,0.000212,0.003047,-28.294283,172.490901,-1.185378,5.018634,-2e-05,0.001099
59376.997826,1.333832,1.191766,-0.825514,1.191766,-0.736443,2.129391,0.000212,0.003047,-28.309933,172.490901,-1.184729,5.018634,-2e-05,0.001099
59377.216829,2.003904,0.972856,-1.884987,0.972856,-0.184862,1.857398,-0.001302,0.003285,-52.568558,190.991376,1.352876,5.039876,-0.000142,0.001004
59377.219438,1.231222,0.972856,-1.884305,0.972856,-0.184891,1.857398,-0.001302,0.003285,-52.597085,190.991376,1.35081,5.039876,-0.000142,0.001004
59377.223547,3.068185,1.277738,-1.295614,1.277738,0.433455,1.573953,-8.4e-05,0.003012,-48.525886,132.000486,0.499347,5.025399,-3.3e-05,0.001004
59377.224626,1.081135,1.277738,-1.295564,1.277738,0.433332,1.573953,-8.4e-05,0.003012,-48.536114,132.000486,0.4992,5.025399,-3.3e-05,0.001004
59377.225709,1.059084,1.277738,-1.295513,1.277738,0.433208,1.573953,-8.4e-05,0.003012,-48.546384,132.000486,0.499053,5.025399,-3.3e-05,0.001004
59377.225727,0.149577,0.972856,-1.88266,0.972856,-0.184962,1.857398,-0.0013,0.003285,-52.665999,190.991376,1.345823,5.039876,-0.000142,0.001004
59384.057615,-1.782194,1.191503,-0.027488,1.191503,1.193071,2.129391,0.000265,0.003047,56.753785,172.490901,-0.378452,5.018634,0.000262,0.001099
59384.061369,-2.533055,1.191417,-0.028627,1.191417,1.192647,2.129391,0.000265,0.003047,56.7428,172.490901,-0.380252,5.018634,0.000262,0.001099
59384.065127,-3.413911,1.191417,-0.029771,1.191417,1.192216,2.129391,0.000266,0.003047,56.731459,172.490901,-0.382057,5.018634,0.000263,0.001099
59384.208987,-2.045834,0.972965,-0.540249,0.972965,0.215715,1.857398,-0.001252,0.003285,117.539308,190.991376,4.784869,5.039876,-0.000125,0.001004
59384.21423,-3.422588,0.972965,-0.544495,0.972965,0.215429,1.857398,-0.001255,0.003285,117.485039,190.991376,4.790044,5.039876,-0.000126,0.001004
59384.221531,-2.792661,0.972856,-0.550422,0.972856,0.215025,1.857398,-0.00126,0.003285,117.407224,190.991376,4.797199,5.039876,-0.000126,0.001004
59384.241974,-3.014856,1.277554,0.580427,1.277554,0.523148,1.573953,0.000211,0.003012,103.428682,132.000486,0.636071,5.025399,1.3e-05,0.001004
59384.243053,-2.432335,1.277646,0.579906,1.277646,0.523386,1.573953,0.000211,0.003012,103.416471,132.000486,0.636349,5.025399,1.3e-05,0.001004
59384.24521,-0.466291,1.277554,0.578862,1.277554,0.523863,1.573953,0.000211,0.003012,103.391907,132.000486,0.636904,5.025399,1.3e-05,0.001004
59385.959714,1.301882,1.191,-0.789564,1.191,0.123932,2.129391,0.000378,0.003047,12.172665,172.490901,-1.363752,5.018634,0.00016,0.001099
59385.963475,1.146367,1.191,-0.791049,1.191,0.120629,2.129391,0.000378,0.003047,12.027999,172.490901,-1.365333,5.018634,0.000159,0.001099
59385.967241,0.537853,1.191,-0.792535,1.191,0.11732,2.129391,0.000378,0.003047,11.883035,172.490901,-1.366913,5.018634,0.000159,0.001099
59386.180112,0.967629,0.973413,-2.261712,0.973413,-0.060457,1.857398,-0.00209,0.003285,16.553479,190.991376,4.263677,5.039876,-0.000221,0.001004
59386.187694,2.953847,0.973413,-2.26693,0.973413,-0.061887,1.857398,-0.002091,0.003285,15.954927,190.991376,4.252401,5.039876,-0.000222,0.001004
59386.190251,-0.207398,0.973528,-2.268685,0.973528,-0.062369,1.857398,-0.002091,0.003285,15.752941,190.991376,4.248584,5.039876,-0.000222,0.001004
59386.288274,-0.613948,1.277646,-1.071481,1.277646,0.753214,1.573953,2.6e-05,0.003012,4.821904,132.000486,0.886092,5.025399,-2.8e-05,0.001004
59386.291521,0.672951,1.277646,-1.07438,1.277646,0.753101,1.573953,2.6e-05,0.003012,4.589986,132.000486,0.885911,5.025399,-2.8e-05,0.001004
59386.292602,-0.183084,1.277646,-1.075345,1.277646,0.753062,1.573953,2.6e-05,0.003012,4.512763,132.000486,0.885851,5.025399,-2.8e-05,0.001004
59390.967272,2.968216,1.191417,-0.109898,1.191417,-0.864976,2.129391,-0.000134,0.003047,-40.110573,172.490901,0.055812,5.018634,-0.000168,0.001099
59391.008605,1.697247,1.191332,-0.091929,1.191332,-0.836736,2.129391,-0.000136,0.003047,-38.915775,172.490901,0.0782,5.018634,-0.000165,0.001099
59391.016126,2.918992,1.191332,-0.088674,1.191332,-0.831575,2.129391,-0.000137,0.003047,-38.697162,172.490901,0.082243,5.018634,-0.000165,0.001099
59391.284051,2.955529,1.277832,-0.346958,1.277832,-0.26806,1.573953,-0.000115,0.003012,-56.740146,132.000486,-0.326693,5.025399,-8e-06,0.001004
59391.285132,2.748615,1.277738,-0.346044,1.277738,-0.26816,1.573953,-0.000115,0.003012,-56.682455,132.000486,-0.326799,5.025399,-8e-06,0.001004
59391.287291,3.26079,1.277738,-0.344219,1.277738,-0.268359,1.573953,-0.000115,0.003012,-56.567206,132.000486,-0.327009,5.025399,-8e-06,0.001004
59391.891421,-0.628979,1.190526,0.247297,1.190526,-0.207441,2.129391,-0.000154,0.003047,-11.802946,172.490901,0.474085,5.018634,-8.6e-05,0.001099
59391.898926,1.780594,1.190603,0.249724,1.190603,-0.202085,2.129391,-0.000154,0.003047,-11.568495,172.490901,0.47668,5.018634,-8.6e-05,0.001099
59391.90269,1.78638,1.190526,0.250938,1.190526,-0.199399,2.129391,-0.000154,0.003047,-11.450938,172.490901,0.477977,5.018634,-8.5e-05,0.001099
59392.102533,-0.221793,0.973528,0.83271,0.973528,0.005821,1.857398,0.000823,0.003285,-14.206999,190.991376,-1.838789,5.039876,8.7e-05,0.001004
59392.105631,0.016501,0.973528,0.834416,0.973528,0.006276,1.857398,0.000824,0.003285,-14.017584,190.991376,-1.83531,5.039876,8.7e-05,0.001004
59392.113221,-0.532661,0.973528,0.838578,0.973528,0.007389,1.857398,0.000824,0.003285,-13.553696,190.991376,-1.826764,5.039876,8.7e-05,0.001004
59392.130861,0.09107,1.277646,0.319501,1.277646,-0.302014,1.573953,-2.7e-05,0.003012,-10.253919,132.000486,-0.35701,5.025399,9e-06,0.001004
59392.131948,-0.055698,1.277646,0.320269,1.277646,-0.302002,1.573953,-2.6e-05,0.003012,-10.194497,132.000486,-0.356983,5.025399,9e-06,0.001004
59392.133025,1.787542,1.277646,0.321029,1.277646,-0.301989,1.573953,-2.6e-05,0.003012,-10.135627,132.000486,-0.356956,5.025399,9e-06,0.001004
59397.181709,-0.027791,0.972748,-0.880292,0.972748,0.026973,1.857398,-0.000979,0.003285,31.367327,190.991376,2.485967,5.039876,-0.000102,0.001004
59397.184212,2.925789,0.972748,-0.881872,0.972748,0.026615,1.857398,-0.000979,0.003285,31.222968,190.991376,2.483775,5.039876,-0.000102,0.001004
59397.186708,1.836363,0.972748,-0.883446,0.972748,0.026258,1.857398,-0.00098,0.003285,31.078906,190.991376,2.481582,5.039876,-0.000102,0.001004
59397.273074,2.321173,1.277738,-0.263602,1.277738,0.369786,1.573953,5.1e-05,0.003012,22.195043,132.000486,0.439109,5.025399,-7e-06,0.001004
59397.275237,1.252744,1.277738,-0.265173,1.277738,0.36982,1.573953,5.1e-05,0.003012,22.080201,132.000486,0.439125,5.025399,-7e-06,0.001004
59397.277391,2.858309,1.277738,-0.266738,1.277738,0.369853,1.573953,5.1e-05,0.003012,21.965772,132.000486,0.439141,5.025399,-7e-06,0.001004
59397.830877,0.294605,1.191417,-0.496287,1.191417,-0.226424,2.129391,0.000173,0.003047,-6.769307,172.490901,-0.772469,5.018634,3.5e-05,0.001099
59397.834622,1.393531,1.191417,-0.497213,1.191417,-0.229148,2.129391,0.000173,0.003047,-6.890987,172.490901,-0.773269,5.018634,3.4e-05,0.001099
59397.838395,-0.347539,1.191417,-0.498143,1.191417,-0.231892,2.129391,0.000173,0.003047,-7.013603,172.490901,-0.774071,5.018634,3.4e-05,0.001099
59398.110716,0.814832,0.972856,-1.336915,0.972856,-0.110755,1.857398,-0.00099,0.003285,-27.23767,190.991376,1.292646,5.039876,-0.000107,0.001004
59398.113216,1.138638,0.972856,-1.337721,0.972856,-0.111122,1.857398,-0.00099,0.003285,-27.402041,190.991376,1.288519,5.039876,-0.000107,0.001004
59398.120614,0.023007,0.972856,-1.34009,0.972856,-0.112206,1.857398,-0.000989,0.003285,-27.888426,190.991376,1.276283,5.039876,-0.000107,0.001004
59398.287427,-0.827638,1.277646,-0.954791,1.277646,0.319168,1.573953,-6.2e-05,0.003012,-35.79064,132.000486,0.367674,5.025399,-2.4e-05,0.001004
59398.288507,-2.679995,1.277646,-0.955434,1.277646,0.319043,1.573953,-6.2e-05,0.003012,-35.853496,132.000486,0.367514,5.025399,-2.4e-05,0.001004
59398.290667,1.027291,1.277554,-0.95672,1.277554,0.318792,1.573953,-6.2e-05,0.003012,-35.979193,132.000486,0.367194,5.025399,-2.4e-05,0.001004
59399.074692,0.652916,1.193399,-0.668949,1.193399,-1.06739,2.129391,7.2e-05,0.003047,-45.241326,172.490901,-0.829007,5.018634,-0.000118,0.001099
59399.076104,-1.053065,1.193399,-0.668968,1.193399,-1.068189,2.129391,7.2e-05,0.003047,-45.279055,172.490901,-0.828815,5.018634,-0.000118,0.001099
59399.077516,0.342952,1.193399,-0.668985,1.193399,-1.068988,2.129391,7.1e-05,0.003047,-45.316761,172.490901,-0.828623,5.018634,-0.000118,0.001099
59399.178733,-1.039712,1.277832,-1.364717,1.277832,0.169557,1.573953,-0.000158,0.003012,-83.799382,132.000486,0.18197,5.025399,-3.4e-05,0.001004
59399.179816,0.632613,1.277832,-1.365042,1.277832,0.169324,1.573953,-0.000158,0.003012,-83.850447,132.000486,0.181686,5.025399,-3.4e-05,0.001004
59399.180896,0.133937,1.277832,-1.365366,1.277832,0.169092,1.573953,-0.000158,0.003012,-83.901347,132.000486,0.181402,5.025399,-3.4e-05,0.001004
59399.193831,-2.787717,0.97264,-1.416366,0.97264,-0.24873,1.857398,-0.000619,0.003285,-93.70056,190.991376,-0.780728,5.039876,-7.2e-05,0.001004
59399.207456,-0.431371,0.972748,-1.413712,0.972748,-0.250079,1.857398,-0.000612,0.003285,-94.420811,190.991376,-0.80897,5.039876,-7.2e-05,0.001004
59399.21003,-0.254883,0.972748,-1.4132,0.972748,-0.250333,1.857398,-0.000611,0.003285,-94.556411,190.991376,-0.814307,5.039876,-7.1e-05,0.001004
59399.928081,0.09697,1.19159,-0.598652,1.19159,-1.436778,2.129391,-3.8e-05,0.003047,-63.305926,172.490901,-0.607814,5.018634,-0.000209,0.001099
59399.935597,-0.036365,1.19159,-0.597317,1.19159,-1.43889,2.129391,-3.9e-05,0.003047,-63.416659,172.490901,-0.604979,5.018634,-0.00021,0.001099
59399.939355,1.871963,1.19159,-0.596645,1.19159,-1.439938,2.129391,-3.9e-05,0.003047,-63.471676,172.490901,-0.603557,5.018634,-0.00021,0.001099
59400.162551,-0.180602,1.192993,-0.551431,1.192993,-1.492303,2.129391,-7.1e-05,0.003047,-66.313816,172.490901,-0.512857,5.018634,-0.000229,0.001099
59400.163257,0.550238,1.192993,-0.551271,1.192993,-1.492438,2.129391,-7.1e-05,0.003047,-66.321459,172.490901,-0.512552,5.018634,-0.000229,0.001099
59400.163963,2.747079,1.192993,-0.551112,1.192993,-1.492572,2.129391,-7.1e-05,0.003047,-66.329093,172.490901,-0.512246,5.018634,-0.00023,0.001099
59400.1784,0.906585,0.972856,-0.993668,0.972856,-0.310302,1.857398,1e-05,0.003285,-132.756852,190.991376,-2.770075,5.039876,-8e-06,0.001004
59400.18223,2.276086,0.972856,-0.991169,0.972856,-0.310387,1.857398,1.2e-05,0.003285,-132.850042,190.991376,-2.77727,5.039876,-8e-06,0.001004
59400.184694,1.564474,0.972856,-0.989557,0.972856,-0.310441,1.857398,1.4e-05,0.003285,-132.909732,190.991376,-2.781896,5.039876,-7e-06,0.001004
59400.285312,-0.883096,1.277646,-1.432333,1.277646,-0.110762,1.573953,-0.000236,0.003012,-120.830455,132.000486,-0.155066,5.025399,-3.5e-05,0.001004
59400.287476,1.549503,1.277646,-1.431932,1.277646,-0.111365,1.573953,-0.000236,0.003012,-120.868761,132.000486,-0.155782,5.025399,-3.5e-05,0.001004
59400.289642,1.686099,1.277646,-1.431528,1.277646,-0.111968,1.573953,-0.000236,0.003012,-120.906958,132.000486,-0.156498,5.025399,-3.5e-05,0.001004
59405.830842,1.720189,1.191417,1.175129,1.191417,1.090958,2.129391,-0.000292,0.003047,42.319246,172.490901,1.674608,5.018634,3.8e-05,0.001099
59405.838375,1.092022,1.191503,1.175296,1.191503,1.094988,2.129391,-0.000292,0.003047,42.508875,172.490901,1.673768,5.018634,3.8e-05,0.001099
59405.845885,2.378863,1.191503,1.175455,1.191503,1.099001,2.129391,-0.000291,0.003047,42.697748,172.490901,1.672918,5.018634,3.9e-05,0.001099
59406.052029,1.892463,1.192993,1.176504,1.192993,1.207048,2.129391,-0.000268,0.003047,47.80927,172.490901,1.644602,5.018634,6.2e-05,0.001099
59406.052735,1.75147,1.193093,1.176497,1.193093,1.207411,2.129391,-0.000268,0.003047,47.826519,172.490901,1.644489,5.018634,6.3e-05,0.001099
59406.053441,1.496478,1.193093,1.176489,1.193093,1.207774,2.129391,-0.000268,0.003047,47.843767,172.490901,1.644375,5.018634,6.3e-05,0.001099
59406.258346,1.635574,1.277463,2.007997,1.277463,-0.54877,1.573953,0.00016,0.003012,89.216541,132.000486,-0.626464,5.025399,5.1e-05,0.001004
59406.259425,0.468316,1.277463,2.008255,1.277463,-0.548526,1.573953,0.00016,0.003012,89.263757,132.000486,-0.626168,5.025399,5.1e-05,0.001004
59406.262674,1.140541,1.277463,2.00903,1.277463,-0.547793,1.573953,0.00016,0.003012,89.405878,132.000486,-0.625277,5.025399,5.1e-05,0.001004
59406.924185,-0.79805,1.191678,1.108368,1.191678,1.606127,2.129391,-0.000153,0.003047,67.263562,172.490901,1.418782,5.018634,0.00016,0.001099
59406.92795,-1.137492,1.191678,1.10781,1.191678,1.607587,2.129391,-0.000153,0.003047,67.337178,172.490901,1.417436,5.018634,0.000161,0.001099
59406.935474,-1.300371,1.191678,1.106689,1.191678,1.610496,2.129391,-0.000152,0.003047,67.483954,172.490901,1.414738,5.018634,0.000161,0.001099
59407.196637,-0.652444,1.278117,2.119015,1.278117,-0.300129,1.573953,0.000236,0.003012,125.919363,132.000486,-0.326721,5.025399,5.3e-05,0.001004
59407.197727,-2.672427,1.278117,2.118998,1.278117,-0.299802,1.573953,0.000236,0.003012,125.955271,132.000486,-0.32633,5.025399,5.3e-05,0.001004
59407.200978,-1.853374,1.278117,2.118945,1.278117,-0.298827,1.573953,0.000236,0.003012,126.062252,132.000486,-0.325162,5.025399,5.3e-05,0.001004
59408.142578,-1.112173,1.192795,0.80214,1.192795,1.888991,2.129391,4.3e-05,0.003047,83.110691,172.490901,0.824486,5.018634,0.000273,0.001099
59408.143989,1.500329,1.192795,0.801638,1.192795,1.889044,2.129391,4.3e-05,0.003047,83.117206,172.490901,0.823625,5.018634,0.000273,0.001099
59408.144695,-0.106419,1.192795,0.801386,1.192795,1.88907,2.129391,4.3e-05,0.003047,83.120454,172.490901,0.823195,5.018634,0.000273,0.001099
59408.306924,0.962008,0.973076,1.383909,0.973076,0.394835,1.857398,0.000109,0.003285,166.470717,190.991376,3.24705,5.039876,2.3e-05,0.001004
59408.315279,1.020323,0.972965,1.375594,0.972965,0.394618,1.857398,0.000101,0.003285,166.534376,190.991376,3.262818,5.039876,2.2e-05,0.001004
59408.317698,1.281734,0.972965,1.373183,0.972965,0.394554,1.857398,9.9e-05,0.003285,166.552347,190.991376,3.267375,5.039876,2.2e-05,0.001004
59410.088879,-5.304169,1.193296,-0.138864,1.193296,1.151784,2.129391,0.000306,0.003047,55.686056,172.490901,-0.554461,5.018634,0.000272,0.001099
59410.09029,-2.610392,1.193296,-0.139641,1.193296,1.150675,2.129391,0.000306,0.003047,55.63969,172.490901,-0.555461,5.018634,0.000272,0.001099
59410.090996,-3.265003,1.193296,-0.14003,1.193296,1.150119,2.129391,0.000306,0.003047,55.616479,172.490901,-0.555961,5.018634,0.000272,0.001099
59410.162865,-3.720844,1.277832,0.440415,1.277832,0.579619,1.573953,0.000204,0.003012,99.281281,132.000486,0.701575,5.025399,1e-05,0.001004
59410.163946,-2.652703,1.277832,0.439274,1.277832,0.579816,1.573953,0.000204,0.003012,99.217544,132.000486,0.701794,5.025399,1e-05,0.001004
59410.165027,-1.640562,1.277832,0.438133,1.277832,0.580014,1.573953,0.000204,0.003012,99.153773,132.000486,0.702013,5.025399,1e-05,0.001004
59410.298459,-3.271671,0.973187,-0.950412,0.973187,0.170462,1.857398,-0.001519,0.003285,103.619286,190.991376,4.996966,5.039876,-0.000155,0.001004
59410.311002,-2.138977,0.973187,-0.965106,0.973187,0.168083,1.857398,-0.001526,0.003285,102.746687,190.991376,4.992165,5.039876,-0.000156,0.001004
59410.319457,-1.884092,0.973187,-0.974991,0.973187,0.166475,1.857398,-0.001531,0.003285,102.155852,190.991376,4.98881,5.039876,-0.000156,0.001004
59414.947896,3.013663,1.190759,-0.487345,1.190759,-0.900949,2.129391,2.6e-05,0.003047,-38.803438,172.490901,-0.569613,5.018634,-0.000112,0.001099
59414.959185,3.041294,1.190681,-0.482976,1.190681,-0.894385,2.129391,2.6e-05,0.003047,-38.527303,172.490901,-0.564085,5.018634,-0.000112,0.001099
59414.966727,2.200377,1.190681,-0.480059,1.190681,-0.889986,2.129391,2.5e-05,0.003047,-38.342099,172.490901,-0.560399,5.018634,-0.000111,0.001099
59415.081873,1.292761,1.193502,-0.435794,1.193502,-0.821464,2.129391,2e-05,0.003047,-35.448337,172.490901,-0.504955,5.018634,-0.000104,0.001099
59415.083286,3.004221,1.193399,-0.435254,1.193399,-0.820609,2.129391,2e-05,0.003047,-35.412116,172.490901,-0.504285,5.018634,-0.000104,0.001099
59415.083992,2.844952,1.193399,-0.434985,1.193399,-0.820181,2.129391,2e-05,0.003047,-35.394012,172.490901,-0.503951,5.018634,-0.000104,0.001099
59415.111932,1.105626,0.97264,-0.873709,0.97264,-0.173663,1.857398,-0.000316,0.003285,-67.784456,190.991376,-0.812659,5.039876,-3.8e-05,0.001004
59415.114446,1.254578,0.97264,-0.871661,0.97264,-0.173324,1.857398,-0.000315,0.003285,-67.659,190.991376,-0.811862,5.039876,-3.8e-05,0.001004
59415.119494,-0.101531,0.97264,-0.867552,0.97264,-0.172642,1.857398,-0.000313,0.003285,-67.406785,190.991376,-0.810247,5.039876,-3.8e-05,0.001004
59415.246596,-0.050115,1.276761,-0.815314,1.276761,0.059624,1.573953,-0.000104,0.003012,-54.809444,132.000486,0.058764,5.025399,-2e-05,0.001004
59415.247677,2.556066,1.276761,-0.814495,1.276761,0.059524,1.573953,-0.000104,0.003012,-54.759017,132.000486,0.058657,5.025399,-2e-05,0.001004
59415.249838,-0.86057,1.276761,-0.812859,1.276761,0.059323,1.573953,-0.000104,0.003012,-54.658176,132.000486,0.058443,5.025399,-2e-05,0.001004
59417.97698,2.163556,1.191678,-0.002238,1.191678,0.213478,2.129391,4.6e-05,0.003047,10.133644,172.490901,-0.063205,5.018634,4.6e-05,0.001099
59417.984506,0.882307,1.191678,-0.002989,1.191678,0.212404,2.129391,4.6e-05,0.003047,10.088739,172.490901,-0.064169,5.018634,4.6e-05,0.001099
59417.988262,1.583683,1.191678,-0.003365,1.191678,0.211861,2.129391,4.6e-05,0.003047,10.066032,172.490901,-0.064652,5.018634,4.6e-05,0.001099
59418.144961,0.501688,1.276677,0.085883,1.276677,0.089066,1.573953,3.4e-05,0.003012,16.63153,132.000486,0.10809,5.025399,2e-06,0.001004
59418.146035,-1.237065,1.276677,0.085636,1.276677,0.089096,1.573953,3.4e-05,0.003012,16.616295,132.000486,0.108122,5.025399,2e-06,0.001004
59418.147118,0.089184,1.276677,0.085387,1.276677,0.089127,1.573953,3.4e-05,0.003012,16.600906,132.000486,0.108155,5.025399,2e-06,0.001004
59418.167474,-0.350868,0.973076,-0.112215,0.973076,0.032821,1.857398,-0.000221,0.003285,18.499075,190.991376,0.797727,5.039876,-2.2e-05,0.001004
59418.170302,0.03881,0.973076,-0.112893,0.973076,0.032699,1.857398,-0.000221,0.003285,18.452998,190.991376,0.797312,5.039876,-2.2e-05,0.001004
59418.17314,0.478491,0.973076,-0.113574,0.973076,0.032577,1.857398,-0.000221,0.003285,18.406567,190.991376,0.796891,5.039876,-2.2e-05,0.001004
59419.113189,-2.282414,0.972856,-0.327669,0.972856,-0.020571,1.857398,-0.000264,0.003285,-3.431001,190.991376,0.424414,5.039876,-2.8e-05,0.001004
59419.121582,0.199008,0.972856,-0.329091,0.972856,-0.02106,1.857398,-0.000264,0.003285,-3.643476,190.991376,0.419704,5.039876,-2.8e-05,0.001004
59419.127474,-2.215002,0.972856,-0.330081,0.972856,-0.021403,1.857398,-0.000264,0.003285,-3.79237,190.991376,0.416392,5.039876,-2.8e-05,0.001004
59419.19043,-2.860605,1.276846,-0.203824,1.276846,0.090524,1.573953,-8e-06,0.003012,-5.09067,132.000486,0.105325,5.025399,-5e-06,0.001004
59419.192598,-0.757052,1.276932,-0.204377,1.276932,0.09047,1.573953,-8e-06,0.003012,-5.138623,132.000486,0.105252,5.025399,-5e-06,0.001004
59419.193683,-2.074776,1.276932,-0.204653,1.276932,0.090443,1.573953,-8e-06,0.003012,-5.162608,132.000486,0.105215,5.025399,-5e-06,0.001004
59419.921321,2.307735,1.191503,-0.173417,1.191503,-0.240402,2.129391,2.6e-05,0.003047,-10.00788,172.490901,-0.225018,5.018634,-2.3e-05,0.001099
59419.925201,3.109708,1.191503,-0.17339,1.191503,-0.240782,2.129391,2.6e-05,0.003047,-10.026116,172.490901,-0.224867,5.018634,-2.3e-05,0.001099
59419.928958,3.43368,1.191503,-0.173362,1.191503,-0.241145,2.129391,2.6e-05,0.003047,-10.043551,172.490901,-0.224719,5.018634,-2.3e-05,0.001099
59420.174169,0.054205,1.276511,-0.324634,1.276511,0.052597,1.573953,-3.5e-05,0.003012,-18.537411,132.000486,0.057984,5.025399,-8e-06,0.001004
59420.176321,1.084102,1.276511,-0.324531,1.276511,0.052506,1.573953,-3.5e-05,0.003012,-18.539896,132.000486,0.057878,5.025399,-8e-06,0.001004
59420.178473,0.989998,1.276511,-0.324427,1.276511,0.052416,1.573953,-3.5e-05,0.003012,-18.542232,132.000486,0.057772,5.025399,-8e-06,0.001004
59420.255224,1.052968,0.973528,-0.351051,0.973528,-0.056125,1.857398,-0.000172,0.003285,-20.497799,190.991376,-0.103106,5.039876,-2e-05,0.001004
59420.265503,0.450486,0.973528,-0.349569,0.973528,-0.056028,1.857398,-0.00017,0.003285,-20.480425,190.991376,-0.104965,5.039876,-2e-05,0.001004
59420.277188,2.761765,0.973528,-0.347848,0.973528,-0.055907,1.857398,-0.000169,0.003285,-20.455869,190.991376,-0.106977,5.039876,-1.9e-05,0.001004
59420.873052,1.813916,1.19159,-0.099598,1.19159,-0.149193,2.129391,1.3e-05,0.003047,-6.274884,172.490901,-0.126137,5.018634,-1.5e-05,0.001099
59420.876816,1.593384,1.19159,-0.099066,1.19159,-0.14804,2.129391,1.3e-05,0.003047,-6.224518,172.490901,-0.125563,5.018634,-1.5e-05,0.001099
59420.888128,1.837777,1.19159,-0.097459,1.19159,-0.144539,2.129391,1.3e-05,0.003047,-6.071427,172.490901,-0.123832,5.018634,-1.5e-05,0.001099
59421.134456,0.815407,1.194032,-0.05944,1.194032,-0.054427,2.129391,1.5e-05,0.003047,-2.104766,172.490901,-0.084915,5.018634,-2e-06,0.001099
59421.135869,1.436175,1.194032,-0.059208,1.194032,-0.053835,2.129391,1.5e-05,0.003047,-2.078589,172.490901,-0.084688,5.018634,-2e-06,0.001099
59421.13728,0.102942,1.193924,-0.058975,1.193924,-0.053244,2.129391,1.5e-05,0.003047,-2.05241,172.490901,-0.084462,5.018634,-2e-06,0.001099
59421.250481,1.222951,1.276846,-0.04438,1.276846,0.034592,1.573953,2e-06,0.003012,0.586299,132.000486,0.04077,5.025399,-1e-06,0.001004
59421.251566,1.89846,1.276846,-0.043889,1.276846,0.034618,1.573953,2e-06,0.003012,0.626393,132.000486,0.040809,5.025399,-1e-06,0.001004
59421.25265,2.705969,1.276846,-0.043398,1.276846,0.034645,1.573953,2e-06,0.003012,0.666489,132.000486,0.040848,5.025399,-1e-06,0.001004
59421.331738,-2.181247,0.973187,-0.077836,0.973187,0.005376,1.857398,-9.6e-05,0.003285,4.249799,190.991376,0.268763,5.039876,-1e-05,0.001004
59421.334922,-0.703247,0.973076,-0.076836,0.973076,0.005704,1.857398,-9.6e-05,0.003285,4.390954,190.991376,0.271801,5.039876,-1e-05,0.001004
59421.344535,-1.262267,0.973187,-0.073816,0.973187,0.006697,1.857398,-9.7e-05,0.003285,4.819338,190.991376,0.281046,5.039876,-1e-05,0.001004
59421.825107,-1.312301,1.191332,0.062619,1.191332,0.321697,2.129391,4e-05,0.003047,14.744192,172.490901,0.015854,5.018634,5.9e-05,0.001099
59421.828877,-0.990961,1.191417,0.063279,1.191417,0.324147,2.129391,4.1e-05,0.003047,14.854986,172.490901,0.016282,5.018634,5.9e-05,0.001099
59421.832632,-1.963617,1.191417,0.063935,1.191417,0.326589,2.129391,4.1e-05,0.003047,14.965498,172.490901,0.016707,5.018634,6e-05,0.001099
59422.078977,-2.951051,1.194471,0.105018,1.194471,0.492863,2.129391,5.8e-05,0.003047,22.516672,172.490901,0.039577,5.018634,8.9e-05,0.001099
59422.08113,-0.578389,1.194471,0.105356,1.194471,0.494359,2.129391,5.8e-05,0.003047,22.584897,172.490901,0.039729,5.018634,8.9e-05,0.001099
59422.081835,-1.004499,1.194471,0.105466,1.194471,0.49485,2.129391,5.8e-05,0.003047,22.607244,172.490901,0.039779,5.018634,8.9e-05,0.001099
59422.235169,0.001054,1.277106,0.485517,1.277106,0.115759,1.573953,9.9e-05,0.003012,49.864745,132.000486,0.146307,5.025399,1.2e-05,0.001004
59422.236246,-1.757549,1.277106,0.48612,1.277106,0.115916,1.573953,9.9e-05,0.003012,49.928278,132.000486,0.146506,5.025399,1.2e-05,0.001004
59422.237326,-5.036154,1.277106,0.486725,1.277106,0.116075,1.573953,9.9e-05,0.003012,49.991998,132.000486,0.146705,5.025399,1.2e-05,0.001004
59422.278772,-1.683218,0.972965,0.165135,0.972965,0.126258,1.857398,-0.000246,0.003285,58.922913,190.991376,1.68262,5.039876,-2.2e-05,0.001004
59422.293059,-1.638212,0.972965,0.167129,0.972965,0.128273,1.857398,-0.00025,0.003285,59.876419,190.991376,1.710962,5.039876,-2.3e-05,0.001004
59422.296261,-1.650649,0.972965,0.167566,0.972965,0.128725,1.857398,-0.000251,0.003285,60.090328,190.991376,1.717337,5.039876,-2.3e-05,0.001004
59423.914949,2.447704,1.191678,0.070614,1.191678,1.531211,2.129391,0.000293,0.003047,71.99398,172.490901,-0.307441,5.018634,0.000319,0.001099
59423.918708,1.909664,1.191678,0.069654,1.191678,1.531965,2.129391,0.000294,0.003047,72.037383,172.490901,-0.309267,5.018634,0.000319,0.001099
59423.926247,2.483602,1.191678,0.067716,1.191678,1.533452,2.129391,0.000295,0.003047,72.123303,172.490901,-0.312943,5.018634,0.00032,0.001099
